--Timestamp---	Temp	Chill	HIndex	Humid	Dewpt	 Wind 	HiWind	WindDir	Rain 	Barom	Solar	 ET  	 UV 
--------------	----	-----	------	-----	-----	------	------	-------	-----	-----	-----	-----	----
20111106 00:00	20.7	20.7	20.7	98	20.3	0	0	-100000	0.0	1009.3	0	0.000	0.0
20111106 00:05	20.7	20.7	20.7	98	20.3	0	0	-100000	0.0	1009.3	0	0.000	0.0
20111106 00:10	20.6	20.6	20.6	97	20.1	0	0	-100000	0.0	1009.2	0	0.000	0.0
20111106 00:15	20.5	20.5	20.5	97	20.0	0	0	-100000	0.0	1009.2	0	0.000	0.0
20111106 00:20	20.4	20.4	20.4	97	20.0	0	0	-100000	0.0	1009.1	0	0.000	0.0
20111106 00:25	20.4	20.4	20.4	97	20.0	0	0	-100000	0.0	1009.1	0	0.000	0.0
20111106 00:30	20.4	20.4	20.4	97	19.9	0	0	-100000	0.0	1009.1	0	0.000	0.0
20111106 00:35	20.3	20.3	20.3	97	19.8	0	0	-100000	0.0	1009.1	0	0.000	0.0
20111106 00:40	20.4	20.4	20.4	97	19.9	0	0	-100000	0.0	1009.1	0	0.000	0.0
20111106 00:45	20.4	20.4	20.4	97	20.0	0	0	-100000	0.0	1009.0	0	0.000	0.0
20111106 00:50	20.4	20.4	20.4	97	20.0	0	0	-100000	0.0	1008.9	0	0.000	0.0
20111106 00:55	20.4	20.4	20.4	97	20.0	0	0	-100000	0.0	1008.9	0	0.000	0.0
20111106 01:00	20.4	20.4	20.4	97	20.0	0	0	-100000	0.0	1008.8	0	0.000	0.0
20111106 01:05	20.4	20.4	20.4	97	19.9	0	0	-100000	0.0	1008.7	0	0.000	0.0
20111106 01:10	20.3	20.3	20.3	97	19.8	0	0	-100000	0.0	1008.7	0	0.000	0.0
20111106 01:15	20.4	20.4	20.4	97	19.9	0	0	-100000	0.0	1008.6	0	0.000	0.0
20111106 01:20	20.4	20.4	20.4	97	19.9	0	2	158	0.0	1008.6	0	0.000	0.0
20111106 01:25	20.3	20.3	20.3	97	19.8	0	2	158	0.0	1008.6	0	0.000	0.0
20111106 01:30	20.3	20.3	20.3	97	19.8	0	2	158	0.0	1008.4	0	0.000	0.0
20111106 01:35	20.2	20.2	20.2	96	19.6	0	0	-100000	0.0	1008.3	0	0.000	0.0
20111106 01:40	20.3	20.3	20.3	96	19.6	0	0	-100000	0.0	1008.3	0	0.000	0.0
20111106 01:45	20.3	20.3	20.3	96	19.7	0	0	-100000	0.0	1008.2	0	0.000	0.0
20111106 01:50	20.3	20.3	20.3	96	19.6	0	0	-100000	0.0	1008.2	0	0.000	0.0
20111106 01:55	20.3	20.3	20.3	96	19.7	0	0	-100000	0.0	1008.2	0	0.000	0.0
20111106 02:00	20.3	20.3	20.3	97	19.8	0	0	-100000	0.0	1008.1	0	0.000	0.0
20111106 02:05	20.3	20.3	20.3	97	19.8	0	0	-100000	0.0	1008.0	0	0.000	0.0
20111106 02:10	20.3	20.3	20.3	97	19.8	0	0	-100000	0.0	1008.1	0	0.000	0.0
20111106 02:15	20.3	20.3	20.3	97	19.8	0	0	-100000	0.0	1008.0	0	0.000	0.0
20111106 02:20	20.3	20.3	20.3	97	19.8	0	0	-100000	0.0	1007.9	0	0.000	0.0
20111106 02:25	20.3	20.3	20.3	97	19.8	0	0	-100000	0.0	1007.8	0	0.000	0.0
20111106 02:30	20.2	20.2	20.2	97	19.7	0	0	-100000	0.0	1007.8	0	0.000	0.0
20111106 02:35	20.2	20.2	20.2	97	19.7	0	0	-100000	0.0	1007.7	0	0.000	0.0
20111106 02:40	20.3	20.3	20.3	97	19.8	0	0	-100000	0.0	1007.6	0	0.000	0.0
20111106 02:45	20.3	20.3	20.3	97	19.8	0	0	-100000	0.0	1007.6	0	0.000	0.0
20111106 02:50	20.3	20.3	20.3	97	19.8	0	0	-100000	0.0	1007.6	0	0.000	0.0
20111106 02:55	20.4	20.4	20.4	97	19.9	0	0	-100000	0.0	1007.7	0	0.000	0.0
20111106 03:00	20.4	20.4	20.4	97	20.0	0	0	-100000	0.0	1007.7	0	0.000	0.0
20111106 03:05	20.4	20.4	20.4	97	20.0	0	0	-100000	0.0	1007.7	0	0.000	0.0
20111106 03:10	20.4	20.4	20.4	97	19.9	0	0	-100000	0.0	1007.6	0	0.000	0.0
20111106 03:15	20.3	20.3	20.3	97	19.8	0	0	-100000	0.0	1007.6	0	0.000	0.0
20111106 03:20	20.3	20.3	20.3	97	19.8	0	0	-100000	0.0	1007.6	0	0.000	0.0
20111106 03:25	20.3	20.3	20.3	97	19.8	0	0	-100000	0.0	1007.6	0	0.000	0.0
20111106 03:30	20.3	20.3	20.3	97	19.8	0	0	-100000	0.0	1007.5	0	0.000	0.0
20111106 03:35	20.3	20.3	20.3	97	19.8	0	0	-100000	0.0	1007.5	0	0.000	0.0
20111106 03:40	20.3	20.3	20.3	97	19.8	0	0	-100000	0.0	1007.5	0	0.000	0.0
20111106 03:45	20.3	20.3	20.3	97	19.8	0	0	-100000	0.0	1007.4	0	0.000	0.0
20111106 03:50	20.2	20.2	20.2	97	19.7	0	0	-100000	0.0	1007.4	0	0.000	0.0
20111106 03:55	20.2	20.2	20.2	96	19.6	0	0	-100000	0.0	1007.4	0	0.000	0.0
20111106 04:00	20.2	20.2	20.2	96	19.6	0	0	-100000	0.0	1007.3	0	0.000	0.0
20111106 04:05	20.2	20.2	20.2	96	19.6	0	0	-100000	0.2	1007.4	0	0.000	0.0
20111106 04:10	20.2	20.2	20.2	96	19.6	0	0	-100000	0.0	1007.4	0	0.000	0.0
20111106 04:15	20.2	20.2	20.2	96	19.6	0	0	-100000	0.0	1007.5	0	0.000	0.0
20111106 04:20	20.2	20.2	20.2	96	19.6	0	0	-100000	0.0	1007.4	0	0.000	0.0
20111106 04:25	20.2	20.2	20.2	96	19.5	0	0	-100000	0.0	1007.5	0	0.000	0.0
20111106 04:30	20.2	20.2	20.2	97	19.7	0	0	-100000	0.0	1007.5	0	0.000	0.0
20111106 04:35	20.1	20.1	20.1	97	19.6	0	0	-100000	0.0	1007.5	0	0.000	0.0
20111106 04:40	20.1	20.1	20.1	97	19.6	0	0	-100000	0.0	1007.6	0	0.000	0.0
20111106 04:45	20.1	20.1	20.1	97	19.6	0	0	-100000	0.2	1007.7	0	0.000	0.0
20111106 04:50	20.0	20.0	20.0	97	19.5	0	0	-100000	0.0	1007.8	0	0.000	0.0
20111106 04:55	19.9	19.9	19.9	97	19.5	0	0	-100000	0.0	1007.7	0	0.000	0.0
20111106 05:00	19.9	19.9	19.9	97	19.5	0	0	-100000	0.0	1007.8	0	0.000	0.0
20111106 05:05	19.9	19.9	19.9	97	19.5	0	0	-100000	0.0	1007.8	0	0.000	0.0
20111106 05:10	19.9	19.9	19.9	97	19.5	0	0	-100000	0.0	1007.9	0	0.000	0.0
20111106 05:15	19.9	19.9	19.9	97	19.5	0	0	-100000	0.0	1007.9	0	0.000	0.0
20111106 05:20	20.0	20.0	20.0	98	19.7	0	0	-100000	0.0	1007.9	0	0.000	0.0
20111106 05:25	20.1	20.1	20.1	98	19.7	0	0	-100000	0.0	1008.0	0	0.000	0.0
20111106 05:30	20.0	20.0	20.0	98	19.7	0	0	-100000	0.0	1008.0	0	0.000	0.0
20111106 05:35	20.0	20.0	20.0	98	19.7	0	0	-100000	0.0	1008.0	0	0.000	0.0
20111106 05:40	19.9	19.9	19.9	98	19.6	0	0	-100000	0.0	1008.0	0	0.000	0.0
20111106 05:45	19.9	19.9	19.9	98	19.6	0	0	-100000	0.0	1008.1	0	0.000	0.0
20111106 05:50	19.9	19.9	19.9	97	19.5	0	0	-100000	0.0	1008.0	0	0.000	0.0
20111106 05:55	19.9	19.9	19.9	97	19.4	0	0	-100000	0.0	1008.1	0	0.000	0.0
20111106 06:00	19.9	19.9	19.9	97	19.4	0	0	-100000	0.0	1008.2	0	0.000	0.0
20111106 06:05	19.9	19.9	19.9	97	19.4	0	0	-100000	0.0	1008.1	0	0.000	0.0
20111106 06:10	19.9	19.9	19.9	97	19.4	0	0	-100000	0.0	1008.2	0	0.000	0.0
20111106 06:15	19.9	19.9	19.9	96	19.3	0	0	-100000	0.0	1008.2	0	0.000	0.0
20111106 06:20	19.9	19.9	19.9	96	19.2	0	0	-100000	0.0	1008.3	0	0.000	0.0
20111106 06:25	19.9	19.9	19.9	97	19.4	0	0	-100000	0.0	1008.4	0	0.000	0.0
20111106 06:30	19.9	19.9	19.9	97	19.4	0	0	-100000	0.0	1008.4	0	0.000	0.0
20111106 06:35	19.8	19.8	19.8	97	19.3	0	0	-100000	0.0	1008.5	3	0.000	0.0
20111106 06:40	19.9	19.9	19.9	97	19.4	0	0	-100000	0.0	1008.6	8	0.000	0.0
20111106 06:45	19.9	19.9	19.9	97	19.5	0	0	-100000	0.0	1008.7	12	0.000	0.0
20111106 06:50	20.1	20.1	20.1	97	19.6	0	0	-100000	0.0	1008.7	15	0.000	0.0
20111106 06:55	20.1	20.1	20.1	97	19.6	0	0	-100000	0.0	1008.7	18	0.000	0.0
20111106 07:00	20.2	20.2	20.2	97	19.7	0	0	-100000	0.0	1008.6	19	0.000	0.0
20111106 07:05	20.2	20.2	20.2	97	19.7	0	0	-100000	0.0	1008.7	20	0.000	0.0
20111106 07:10	20.2	20.2	20.2	96	19.5	0	0	-100000	0.0	1008.6	23	0.000	0.0
20111106 07:15	20.2	20.2	20.2	96	19.6	0	0	-100000	0.0	1008.8	26	0.000	0.0
20111106 07:20	20.3	20.3	20.3	96	19.6	0	0	-100000	0.0	1008.8	32	0.000	0.0
20111106 07:25	20.3	20.3	20.3	96	19.6	0	0	-100000	0.0	1008.9	37	0.000	0.0
20111106 07:30	20.3	20.3	20.3	97	19.8	0	0	-100000	0.0	1009.0	44	0.000	0.0
20111106 07:35	20.4	20.4	20.4	96	19.7	0	0	-100000	0.0	1009.1	54	0.000	0.0
20111106 07:40	20.5	20.5	20.5	96	19.8	0	0	-100000	0.0	1009.1	64	0.000	0.0
20111106 07:45	20.6	20.6	20.6	96	19.9	0	0	-100000	0.0	1009.2	76	0.000	0.0
20111106 07:50	20.8	20.8	20.8	96	20.2	0	0	-100000	0.0	1009.2	88	0.000	0.2
20111106 07:55	20.9	20.9	20.9	95	20.1	0	0	-100000	0.0	1009.2	100	0.000	0.5
20111106 08:00	21.2	21.2	21.2	94	20.2	0	0	-100000	0.0	1009.2	119	0.025	0.6
20111106 08:05	21.4	21.4	21.4	93	20.2	0	0	-100000	0.0	1009.3	133	0.000	0.7
20111106 08:10	21.6	21.6	21.6	93	20.4	0	0	-100000	0.0	1009.4	146	0.000	0.8
20111106 08:15	21.7	21.7	21.7	92	20.4	0	0	-100000	0.0	1009.4	164	0.000	0.8
20111106 08:20	21.9	21.9	21.9	91	20.3	0	3	158	0.0	1009.5	185	0.000	1.0
20111106 08:25	21.9	21.9	21.9	91	20.4	0	3	135	0.0	1009.6	184	0.000	1.0
20111106 08:30	22.0	22.0	22.0	91	20.5	2	3	112	0.0	1009.6	192	0.000	1.0
20111106 08:35	22.1	22.1	22.1	91	20.6	0	3	90	0.0	1009.6	215	0.000	1.1
20111106 08:40	22.1	22.1	22.1	89	20.2	2	5	90	0.0	1009.6	214	0.000	1.2
20111106 08:45	22.3	22.3	22.3	91	20.8	0	3	90	0.0	1009.6	206	0.000	1.2
20111106 08:50	22.3	22.3	22.3	90	20.6	0	0	-100000	0.0	1009.6	193	0.000	1.2
20111106 08:55	22.4	22.4	22.4	90	20.7	0	2	90	0.0	1009.6	185	0.000	1.3
20111106 09:00	22.6	22.6	22.6	89	20.6	0	2	90	0.0	1009.6	174	0.102	1.3
20111106 09:05	22.6	22.6	22.6	90	20.8	0	0	-100000	0.0	1009.6	177	0.000	1.3
20111106 09:10	22.6	22.6	22.6	89	20.6	0	2	90	0.0	1009.6	179	0.000	1.4
20111106 09:15	22.7	22.7	22.7	88	20.6	0	0	-100000	0.0	1009.6	160	0.000	1.4
20111106 09:20	22.7	22.7	22.7	86	20.3	0	3	90	0.0	1009.6	156	0.000	1.4
20111106 09:25	22.8	22.8	22.8	87	20.5	0	2	90	0.0	1009.5	174	0.000	1.5
20111106 09:30	22.9	22.9	22.9	87	20.7	0	2	90	0.0	1009.5	177	0.000	1.6
20111106 09:35	23.0	23.0	23.0	87	20.7	0	3	90	0.0	1009.5	161	0.000	1.5
20111106 09:40	23.1	23.1	23.1	87	20.8	0	2	90	0.0	1009.6	162	0.000	1.6
20111106 09:45	23.1	23.1	23.1	86	20.6	0	3	90	0.0	1009.6	160	0.000	1.6
20111106 09:50	23.2	23.2	23.2	86	20.7	0	3	90	0.0	1009.6	168	0.000	1.7
20111106 09:55	23.3	23.3	23.3	87	21.0	0	2	90	0.0	1009.7	157	0.000	1.6
20111106 10:00	23.3	23.3	23.3	85	20.7	0	3	90	0.0	1009.6	172	0.102	1.8
20111106 10:05	23.4	23.4	23.4	84	20.6	0	3	90	0.0	1009.6	190	0.000	2.0
20111106 10:10	23.6	23.6	23.6	87	21.3	0	0	-100000	0.0	1009.7	197	0.000	2.1
20111106 10:15	23.6	23.6	23.6	85	20.9	0	2	90	0.0	1009.7	161	0.000	1.8
20111106 10:20	23.7	23.7	23.7	86	21.2	0	3	90	0.0	1009.6	160	0.000	1.8
20111106 10:25	23.6	23.6	23.6	84	20.7	0	3	90	0.0	1009.7	137	0.000	1.6
20111106 10:30	23.6	23.6	23.6	85	20.9	0	3	90	0.0	1009.7	132	0.000	1.5
20111106 10:35	23.6	23.6	23.6	85	20.9	0	3	90	0.0	1009.7	153	0.000	1.8
20111106 10:40	23.7	23.7	23.7	84	20.9	0	2	90	0.0	1009.7	192	0.000	2.2
20111106 10:45	23.8	23.8	23.8	85	21.1	0	2	90	0.0	1009.7	230	0.000	2.6
20111106 10:50	24.0	24.0	24.2	83	20.9	0	2	90	0.0	1009.7	200	0.000	2.4
20111106 10:55	24.1	24.1	24.3	82	20.8	0	3	135	0.0	1009.7	178	0.000	2.2
20111106 11:00	24.1	24.1	24.4	82	20.8	0	2	135	0.0	1009.7	172	0.102	2.1
20111106 11:05	24.3	24.3	24.6	82	21.0	0	0	-100000	0.0	1009.6	177	0.000	2.2
20111106 11:10	24.4	24.4	24.8	82	21.1	0	2	135	0.0	1009.5	174	0.000	2.2
20111106 11:15	24.4	24.4	25.0	79	20.6	0	2	135	0.0	1009.4	169	0.000	2.2
20111106 11:20	24.5	24.5	25.1	79	20.6	0	0	-100000	0.0	1009.4	175	0.000	2.2
20111106 11:25	24.6	24.6	25.3	79	20.7	0	0	-100000	0.0	1009.3	203	0.000	2.6
20111106 11:30	24.8	24.8	25.6	78	20.7	0	3	135	0.0	1009.2	266	0.000	3.2
20111106 11:35	25.0	25.0	25.9	77	20.7	0	3	135	0.0	1009.2	337	0.000	3.9
20111106 11:40	25.3	25.3	26.3	77	20.9	0	5	135	0.0	1009.1	383	0.000	4.2
20111106 11:45	25.3	25.3	26.3	75	20.5	2	5	315	0.0	1009.0	398	0.000	4.5
20111106 11:50	25.3	25.3	26.4	74	20.4	3	6	315	0.0	1009.0	399	0.000	4.6
20111106 11:55	25.5	25.5	26.7	73	20.3	0	3	315	0.0	1008.9	458	0.000	5.2
20111106 12:00	25.8	25.8	27.0	71	20.1	2	5	315	0.0	1008.8	505	0.203	5.6
20111106 12:05	26.1	26.1	27.5	73	20.8	0	3	338	0.0	1008.8	544	0.000	5.7
20111106 12:10	26.3	26.3	27.8	70	20.4	0	2	315	0.0	1008.7	535	0.000	5.5
20111106 12:15	26.3	26.3	27.8	71	20.6	2	6	225	0.0	1008.7	504	0.000	5.4
20111106 12:20	26.4	26.4	27.8	68	20.0	2	3	270	0.0	1008.7	484	0.000	5.3
20111106 12:25	26.3	26.3	27.8	71	20.6	2	5	248	0.0	1008.5	398	0.000	4.2
20111106 12:30	26.3	26.3	28.1	75	21.5	2	3	225	0.0	1008.4	375	0.000	4.0
20111106 12:35	26.3	26.3	27.9	72	20.9	2	5	225	0.0	1008.4	375	0.000	4.1
20111106 12:40	26.2	26.2	27.7	71	20.5	0	5	225	0.0	1008.3	403	0.000	4.3
20111106 12:45	26.4	26.4	28.0	73	21.1	2	5	225	0.0	1008.1	336	0.000	3.7
20111106 12:50	26.4	26.4	28.1	73	21.2	2	3	202	0.0	1008.0	274	0.000	3.1
20111106 12:55	26.3	26.3	28.0	74	21.3	2	3	202	0.0	1007.9	210	0.000	2.4
20111106 13:00	26.1	26.1	27.6	75	21.3	2	6	202	0.0	1007.9	154	0.254	1.7
20111106 13:05	25.7	25.7	27.0	76	21.2	3	5	225	0.0	1007.8	129	0.000	1.5
20111106 13:10	25.6	25.6	26.9	79	21.7	0	3	225	0.0	1007.7	119	0.000	1.4
20111106 13:15	25.6	25.6	26.9	78	21.5	0	3	225	0.0	1007.7	120	0.000	1.4
20111106 13:20	25.5	25.5	26.7	77	21.2	2	5	225	0.0	1007.7	110	0.000	1.3
20111106 13:25	25.3	25.3	26.4	77	21.0	3	5	225	0.0	1007.5	89	0.000	1.1
20111106 13:30	25.2	25.2	26.2	76	20.6	3	10	202	0.0	1007.5	75	0.000	0.9
20111106 13:35	25.0	25.0	25.9	78	20.9	2	10	225	0.0	1007.5	61	0.000	0.7
20111106 13:40	24.9	24.9	25.7	79	21.0	2	8	225	0.0	1007.4	53	0.000	0.0
20111106 13:45	24.7	24.7	25.4	80	21.0	2	5	225	0.0	1007.2	52	0.000	0.0
20111106 13:50	24.7	24.7	25.3	82	21.4	0	3	202	0.0	1007.2	57	0.000	0.6
20111106 13:55	24.5	24.5	25.0	82	21.2	0	3	202	0.0	1007.1	42	0.000	0.0
20111106 14:00	24.5	24.5	25.0	81	21.0	0	3	202	0.0	1007.2	40	0.051	0.0
20111106 14:05	24.3	24.3	24.8	81	20.9	0	2	180	0.0	1007.2	38	0.000	0.0
20111106 14:10	24.0	24.0	24.2	82	20.7	2	5	112	0.0	1007.1	33	0.000	0.0
20111106 14:15	23.7	23.7	23.7	81	20.3	0	5	112	0.0	1007.4	22	0.000	0.0
20111106 14:20	23.4	23.4	23.4	83	20.3	6	14	90	0.0	1007.3	11	0.000	0.0
20111106 14:25	22.6	22.6	22.6	87	20.3	5	13	90	0.0	1007.0	24	0.000	0.0
20111106 14:30	22.0	22.0	22.0	90	20.3	2	6	90	0.2	1007.0	27	0.000	0.0
20111106 14:35	21.7	21.7	21.7	91	20.2	2	5	90	0.0	1007.0	23	0.000	0.0
20111106 14:40	21.6	21.6	21.6	92	20.3	0	2	90	0.0	1007.0	23	0.000	0.0
20111106 14:45	21.6	21.6	21.6	93	20.4	2	5	90	0.6	1007.0	28	0.000	0.0
20111106 14:50	21.6	21.6	21.6	93	20.4	0	3	90	0.6	1007.2	30	0.000	0.0
20111106 14:55	21.4	21.4	21.4	94	20.4	0	3	90	0.6	1007.3	23	0.000	0.0
20111106 15:00	21.3	21.3	21.3	94	20.3	3	8	315	0.2	1007.3	11	0.025	0.0
20111106 15:05	21.3	21.3	21.3	94	20.3	2	3	338	0.2	1007.3	18	0.000	0.0
20111106 15:10	21.3	21.3	21.3	94	20.3	2	6	315	0.2	1007.1	22	0.000	0.0
20111106 15:15	21.3	21.3	21.3	94	20.3	0	2	315	0.0	1007.0	27	0.000	0.0
20111106 15:20	21.2	21.2	21.2	94	20.2	0	3	270	0.0	1006.9	33	0.000	0.0
20111106 15:25	21.2	21.2	21.2	95	20.4	0	3	270	0.0	1006.9	27	0.000	0.0
20111106 15:30	21.1	21.1	21.1	95	20.3	0	3	270	0.0	1007.0	20	0.000	0.0
20111106 15:35	21.2	21.2	21.2	96	20.5	0	2	270	0.2	1006.9	15	0.000	0.0
20111106 15:40	21.2	21.2	21.2	95	20.4	2	3	270	0.0	1006.8	13	0.000	0.0
20111106 15:45	21.2	21.2	21.2	96	20.6	0	0	-100000	0.2	1006.9	12	0.000	0.0
20111106 15:50	21.3	21.3	21.3	96	20.6	0	0	-100000	0.2	1007.0	10	0.000	0.0
20111106 15:55	21.2	21.2	21.2	96	20.6	0	2	248	0.0	1007.0	7	0.000	0.0
20111106 16:00	21.3	21.3	21.3	96	20.6	0	0	-100000	0.2	1007.0	7	0.000	0.0
20111106 16:05	21.3	21.3	21.3	96	20.6	0	0	-100000	0.0	1007.1	6	0.000	0.0
20111106 16:10	21.3	21.3	21.3	97	20.8	0	2	248	0.2	1007.1	5	0.000	0.0
20111106 16:15	21.3	21.3	21.3	97	20.8	0	0	-100000	0.0	1007.0	5	0.000	0.0
20111106 16:20	21.3	21.3	21.3	96	20.7	0	0	-100000	0.2	1006.9	6	0.000	0.0
20111106 16:25	21.4	21.4	21.4	97	20.9	0	0	-100000	0.2	1006.8	7	0.000	0.0
20111106 16:30	21.4	21.4	21.4	97	20.9	0	0	-100000	0.2	1006.9	9	0.000	0.0
20111106 16:35	21.3	21.3	21.3	97	20.8	0	2	248	0.2	1007.0	9	0.000	0.0
20111106 16:40	21.3	21.3	21.3	97	20.8	0	0	-100000	0.2	1007.1	10	0.000	0.0
20111106 16:45	21.4	21.4	21.4	97	20.9	0	3	248	0.2	1007.2	10	0.000	0.0
20111106 16:50	21.4	21.4	21.4	97	20.9	0	2	248	0.0	1007.3	9	0.000	0.0
20111106 16:55	21.4	21.4	21.4	97	20.9	0	2	248	0.2	1007.3	11	0.000	0.0
20111106 17:00	21.4	21.4	21.4	97	20.9	0	2	248	0.2	1007.5	9	0.000	0.0
20111106 17:05	21.3	21.3	21.3	97	20.8	0	2	248	0.0	1007.5	9	0.000	0.0
20111106 17:10	21.3	21.3	21.3	97	20.8	0	3	112	0.2	1007.6	7	0.000	0.0
20111106 17:15	21.3	21.3	21.3	97	20.8	0	2	112	0.0	1007.6	5	0.000	0.0
20111106 17:20	21.3	21.3	21.3	97	20.8	2	3	112	0.2	1007.6	0	0.000	0.0
20111106 17:25	21.3	21.3	21.3	97	20.8	0	2	90	0.0	1007.7	0	0.000	0.0
20111106 17:30	21.3	21.3	21.3	97	20.8	0	2	90	0.2	1007.7	0	0.000	0.0
20111106 17:35	21.3	21.3	21.3	97	20.8	2	5	90	0.2	1007.7	0	0.000	0.0
20111106 17:40	21.3	21.3	21.3	97	20.8	2	3	68	0.2	1007.7	0	0.000	0.0
20111106 17:45	21.2	21.2	21.2	97	20.7	0	3	68	0.2	1007.8	0	0.000	0.0
20111106 17:50	21.2	21.2	21.2	97	20.7	2	5	45	0.2	1007.9	0	0.000	0.0
20111106 17:55	21.2	21.2	21.2	97	20.7	2	6	45	0.2	1007.9	0	0.000	0.0
20111106 18:00	21.1	21.1	21.1	96	20.4	3	5	68	0.2	1008.0	0	0.000	0.0
20111106 18:05	21.0	21.0	21.0	97	20.5	2	5	68	0.2	1008.1	0	0.000	0.0
20111106 18:10	20.9	20.9	20.9	96	20.2	2	5	45	0.2	1008.0	0	0.000	0.0
20111106 18:15	20.8	20.8	20.8	96	20.2	0	3	22	0.0	1008.2	0	0.000	0.0
20111106 18:20	20.8	20.8	20.8	96	20.2	2	5	22	0.2	1008.2	0	0.000	0.0
20111106 18:25	20.8	20.8	20.8	96	20.2	2	5	22	0.2	1008.3	0	0.000	0.0
20111106 18:30	20.8	20.8	20.8	96	20.1	0	2	22	0.0	1008.3	0	0.000	0.0
20111106 18:35	20.8	20.8	20.8	96	20.1	0	2	22	0.2	1008.5	0	0.000	0.0
20111106 18:40	20.7	20.7	20.7	96	20.1	0	2	22	0.0	1008.5	0	0.000	0.0
20111106 18:45	20.6	20.6	20.6	96	19.9	0	2	22	0.0	1008.6	0	0.000	0.0
20111106 18:50	20.5	20.5	20.5	96	19.8	0	2	22	0.2	1008.7	0	0.000	0.0
20111106 18:55	20.5	20.5	20.5	96	19.8	0	0	-100000	0.0	1008.8	0	0.000	0.0
20111106 19:00	20.4	20.4	20.4	96	19.8	0	2	22	0.0	1008.9	0	0.000	0.0
20111106 19:05	20.4	20.4	20.4	96	19.8	0	2	22	0.0	1008.9	0	0.000	0.0
20111106 19:10	20.4	20.4	20.4	96	19.8	0	0	-100000	0.2	1009.0	0	0.000	0.0
20111106 19:15	20.3	20.3	20.3	97	19.8	0	0	-100000	0.0	1009.0	0	0.000	0.0
20111106 19:20	20.3	20.3	20.3	97	19.8	0	0	-100000	0.2	1009.2	0	0.000	0.0
20111106 19:25	20.3	20.3	20.3	97	19.8	0	0	-100000	0.0	1009.3	0	0.000	0.0
20111106 19:30	20.4	20.4	20.4	97	19.9	0	0	-100000	0.0	1009.4	0	0.000	0.0
20111106 19:35	20.4	20.4	20.4	97	19.9	0	0	-100000	0.0	1009.5	0	0.000	0.0
20111106 19:40	20.4	20.4	20.4	97	19.9	0	0	-100000	0.0	1009.6	0	0.000	0.0
20111106 19:45	20.4	20.4	20.4	97	20.0	0	0	-100000	0.0	1009.6	0	0.000	0.0
20111106 19:50	20.4	20.4	20.4	97	20.0	0	0	-100000	0.0	1009.7	0	0.000	0.0
20111106 19:55	20.4	20.4	20.4	97	20.0	0	0	-100000	0.2	1009.7	0	0.000	0.0
20111106 20:00	20.4	20.4	20.4	97	19.9	0	0	-100000	0.0	1009.8	0	0.000	0.0
20111106 20:05	20.4	20.4	20.4	97	19.9	0	2	22	0.0	1009.9	0	0.000	0.0
20111106 20:10	20.4	20.4	20.4	97	20.0	0	0	-100000	0.0	1010.0	0	0.000	0.0
20111106 20:15	20.4	20.4	20.4	97	19.9	0	0	-100000	0.0	1010.0	0	0.000	0.0
20111106 20:20	20.4	20.4	20.4	97	20.0	0	0	-100000	0.0	1010.1	0	0.000	0.0
20111106 20:25	20.4	20.4	20.4	97	20.0	0	0	-100000	0.0	1010.1	0	0.000	0.0
20111106 20:30	20.4	20.4	20.4	97	20.0	0	0	-100000	0.0	1010.1	0	0.000	0.0
20111106 20:35	20.4	20.4	20.4	97	20.0	0	0	-100000	0.2	1010.3	0	0.000	0.0
20111106 20:40	20.4	20.4	20.4	97	20.0	0	0	-100000	0.0	1010.3	0	0.000	0.0
20111106 20:45	20.4	20.4	20.4	97	19.9	0	0	-100000	0.0	1010.3	0	0.000	0.0
20111106 20:50	20.4	20.4	20.4	97	20.0	0	0	-100000	0.0	1010.4	0	0.000	0.0
20111106 20:55	20.4	20.4	20.4	97	20.0	0	0	-100000	0.0	1010.4	0	0.000	0.0
20111106 21:00	20.4	20.4	20.4	97	20.0	0	0	-100000	0.0	1010.4	0	0.000	0.0
20111106 21:05	20.4	20.4	20.4	97	19.9	0	0	-100000	0.0	1010.4	0	0.000	0.0
20111106 21:10	20.4	20.4	20.4	97	19.9	0	0	-100000	0.0	1010.4	0	0.000	0.0
20111106 21:15	20.4	20.4	20.4	97	19.9	0	0	-100000	0.0	1010.4	0	0.000	0.0
20111106 21:20	20.4	20.4	20.4	97	19.9	0	0	-100000	0.0	1010.5	0	0.000	0.0
20111106 21:25	20.4	20.4	20.4	97	20.0	0	0	-100000	0.0	1010.5	0	0.000	0.0
20111106 21:30	20.4	20.4	20.4	97	20.0	0	0	-100000	0.0	1010.6	0	0.000	0.0
20111106 21:35	20.4	20.4	20.4	97	20.0	0	0	-100000	0.0	1010.7	0	0.000	0.0
20111106 21:40	20.4	20.4	20.4	97	20.0	0	0	-100000	0.0	1010.7	0	0.000	0.0
20111106 21:45	20.4	20.4	20.4	97	20.0	0	0	-100000	0.0	1010.8	0	0.000	0.0
20111106 21:50	20.4	20.4	20.4	97	20.0	0	0	-100000	0.0	1010.7	0	0.000	0.0
20111106 21:55	20.3	20.3	20.3	97	19.8	0	0	-100000	0.2	1010.7	0	0.000	0.0
20111106 22:00	20.3	20.3	20.3	97	19.8	0	0	-100000	0.0	1010.8	0	0.000	0.0
20111106 22:05	20.3	20.3	20.3	97	19.8	0	0	-100000	0.0	1010.8	0	0.000	0.0
20111106 22:10	20.4	20.4	20.4	98	20.1	0	0	-100000	0.0	1010.8	0	0.000	0.0
20111106 22:15	20.3	20.3	20.3	98	20.0	0	0	-100000	0.0	1010.8	0	0.000	0.0
20111106 22:20	20.3	20.3	20.3	98	20.0	0	0	-100000	0.0	1010.8	0	0.000	0.0
20111106 22:25	20.4	20.4	20.4	98	20.1	0	0	-100000	0.0	1010.8	0	0.000	0.0
20111106 22:30	20.3	20.3	20.3	98	19.9	0	0	-100000	0.2	1010.8	0	0.000	0.0
20111106 22:35	20.3	20.3	20.3	98	19.9	0	0	-100000	0.0	1010.7	0	0.000	0.0
20111106 22:40	20.2	20.2	20.2	97	19.7	0	0	-100000	0.0	1010.7	0	0.000	0.0
20111106 22:45	20.1	20.1	20.1	97	19.6	0	0	-100000	0.0	1010.6	0	0.000	0.0
20111106 22:50	20.1	20.1	20.1	97	19.6	0	0	-100000	0.0	1010.6	0	0.000	0.0
20111106 22:55	20.1	20.1	20.1	97	19.6	0	0	-100000	0.0	1010.5	0	0.000	0.0
20111106 23:00	20.1	20.1	20.1	97	19.6	0	0	-100000	0.0	1010.5	0	0.000	0.0
20111106 23:05	20.1	20.1	20.1	97	19.6	0	0	-100000	0.0	1010.4	0	0.000	0.0
20111106 23:10	20.2	20.2	20.2	97	19.7	0	0	-100000	0.0	1010.4	0	0.000	0.0
20111106 23:15	20.2	20.2	20.2	97	19.7	0	0	-100000	0.0	1010.4	0	0.000	0.0
20111106 23:20	20.1	20.1	20.1	97	19.6	0	0	-100000	0.0	1010.4	0	0.000	0.0
20111106 23:25	20.1	20.1	20.1	98	19.8	0	0	-100000	0.0	1010.3	0	0.000	0.0
20111106 23:30	20.1	20.1	20.1	97	19.6	0	0	-100000	0.0	1010.2	0	0.000	0.0
20111106 23:35	20.1	20.1	20.1	98	19.8	0	0	-100000	0.0	1010.2	0	0.000	0.0
20111106 23:40	20.1	20.1	20.1	97	19.6	0	0	-100000	0.0	1010.1	0	0.000	0.0
20111106 23:45	20.1	20.1	20.1	98	19.7	0	0	-100000	0.0	1010.1	0	0.000	0.0
